-6.52607 16.6577 1
11.8985 -13.7178 -1
15.9559 6.57125 1
10.2763 -11.475 -1
-0.221445 -9.34094 -1
-3.92438 -0.356128 -1
25.2423 -7.28753 -1
-19.5241 10.6759 1
-0.492666 2.95865 -1
17.0033 -14.2132 -1
-15.5555 8.55086 1
7.85803 14.9312 1
18.4031 1.77285 1
-13.9527 17.4679 1
9.95 -5.1493 -1
2.78763 -4.11265 -1
11.3413 -13.7905 -1
-6.86687 12.1839 1
-1.46413 17.7609 1
32.9283 -14.9663 -1
-13.0159 15.9939 1
-14.5894 9.73928 1
18.2525 -17.8729 -1
44.5866 0.0432051 -1
34.6801 -5.06109 -1
40.4058 2.40455 -1
17.8723 11.6609 1
3.0002 22.0959 1
9.65128 -4.06137 -1
40.987 1.95283 -1
6.52072 21.9572 1
-16.1117 1.82137 1
15.3586 1.40296 1
-0.898998 2.37185 -1
31.87 -1.63637 -1
-14.3906 18.7535 1
25.2965 -17.3432 -1
-13.9144 4.99591 1
6.29524 -2.3056 -1
-2.32785 -1.77672 -1
4.3971 -2.59133 -1
33.0395 -0.240787 -1
3.83316 2.89526 -1
19.768 15.0283 1
12.1375 -5.91891 -1
27.381 -14.2633 -1
7.99667 12.0756 1
13.7991 -16.9913 -1
4.75263 -1.97021 -1
0.437494 5.93499 -1
-10.8753 16.2936 1
19.5487 -11.8546 -1
14.5451 -10.6607 -1
30.8774 -2.2285 -1
14.561 22.0848 1
-12.6179 7.81083 1
-0.568508 -2.65428 -1
-10.4647 17.2757 1
12.0111 7.7955 1
15.16 17.7568 1
10.2474 21.8557 1
8.18625 -11.6184 -1
31.3119 -4.03353 -1
27.6546 -4.37016 -1
10.131 -3.95189 -1
11.2548 12.2342 1
8.9432 11.489 1
14.36 21.1217 1
-0.209666 23.9626 1
34.36 -14.1217 -1
2.70921 17.0934 1
36.7547 -10.1564 -1
45.5511 4.22121 -1
19.3173 -7.71509 -1
44.6631 4.65772 -1
-14.7953 16.5268 1
9.24448 12.9822 1
-22.7997 12.2502 1
12.7316 14.2007 1
15.9925 8.98087 1
-12.1306 10.898 1
34.9543 -8.19281 -1
10.3053 11.6015 1
32.1659 -10.7472 -1
31.3142 -15.5524 -1
12.9132 -10.7263 -1
21.5635 -9.05156 -1
11.0684 -17.7181 -1
-2.05092 -5.03198 -1
11.2166 21.5711 1
16.0099 12.909 1
17.2289 13.078 1
16.5394 18.5277 1
20.5092 -11.4886 -1
9.87007 19.9993 1
-19.8277 9.59502 1
-21.4932 9.87576 1
37.2289 -6.078 -1
15.5127 15.2071 1
-4.56884 23.4838 1
23.6449 -11.2769 -1
-5.6419 18.1254 1
10.1185 -6.94407 -1
9.36857 20.4367 1
-18.2052 4.9945 1
-10.1045 23.6877 1
5.41905 0.24986 -1
31.173 -9.95576 -1
20.6422 -10.1947 -1
-7.61173 11.9209 1
40.9619 -5.36707 -1
37.7708 4.25367 -1
-11.6865 15.161 1
-17.067 7.16694 1
18.4772 -9.02312 -1
-24.0831 3.21945 1
15.6517 3.24744 1
20.3335 7.4034 1
1.81092 2.71172 -1
-4.63871 14.4237 1
36.5806 -4.50913 -1
19.1926 0.673642 1
18.6109 14.6453 1
10.5593 10.946 1
39.768 -8.02826 -1
12.848 -6.58759 -1
9.29608 -7.90467 -1
37.1928 -2.51137 -1
6.99841 -11.5436 -1
-5.09929 24.1447 1
22.5814 10.8447 1
17.6235 10.8238 1
-17.65 7.29575 1
-7.05629 20.1194 1
9.53525 -10.2757 -1
3.3024 -7.11151 -1
12.6326 -14.4854 -1
-6.12771 4.07791 -1
33.5104 -0.453899 -1
36.2811 -13.4539 -1
-3.81352 19.0228 1
31.5909 -13.1623 -1
12.9885 19.6118 1
37.9156 5.46243 -1
14.6801 12.0611 1
-15.0176 10.9126 1
24.919 -13.6923 -1
16.7008 16.356 1
5.30783 6.06627 -1
1.66404 2.58015 -1
33.1491 3.7044 -1
3.64491 18.2769 1
3.32708 13.6374 1
-4.5333 24.1518 1
-8.93163 24.7181 1
16.3616 15.6899 1
-12.8944 10.7667 1
-15.0401 13.5725 1
-6.62674 25.2348 1
30.8755 -15.2263 -1
33.798 -10.1248 -1
3.01876 15.3332 1
-14.4576 15.5193 1
7.86938 -3.89798 -1
36.44 -9.09471 -1
26.0951 -10.5553 -1
-14.7266 7.05662 1
10.6947 8.76781 1
26.931 -5.59868 -1
3.64971 -6.21672 -1
15.2072 5.97303 1
1.64242 6.12635 -1
37.9582 6.47664 -1
16.62 -13.5169 -1
32.1593 -6.57064 -1
36.1719 5.14413 -1
38.1428 1.22027 -1
3.63294 -8.42402 -1
20.9698 2.9771 1
-23.9964 3.4877 1
10.6897 -7.62724 -1
27.4989 -7.85496 -1
12.6177 -8.68751 -1
12.0675 -15.2063 -1
39.8016 4.50671 -1
-10.077 18.6608 1
35.1555 2.03969 -1
17.7805 3.02804 1
-8.82785 24.5275 1
-6.98924 18.0156 1
-1.27488 -4.98741 -1
15.4271 13.6488 1
18.7715 13.023 1
38.1823 4.71687 -1
-9.86558 13.0743 1
6.05556 16.7767 1
8.81746 10.3267 1
11.2242 -7.20237 -1
-13.7389 4.44776 1
12.8164 7.39613 1
19.2011 11.5023 1
36.384 -12.0736 -1
34.392 -2.59991 -1
40.7875 1.81358 -1
28.3867 -3.67883 -1
39.5657 3.01396 -1
31.8492 -2.48297 -1
3.31034 0.594706 -1
16.6994 -13.2354 -1
25.2948 -5.5348 -1
-15.7615 1.92985 1
24.5222 7.40265 1
-12.0812 11.4946 1
-11.432 9.01369 1
34.561 -15.0848 -1
18.6541 17.6395 1
20.0699 11.8522 1
45.0256 4.96292 -1
29.095 -6.58171 -1
-7.47651 24.5289 1
21.4883 -6.45778 -1
14.7145 18.4007 1
20.573 12.8845 1
3.10635 24.6782 1
-3.69291 14.1288 1
18.5359 -10.7609 -1
-20.2082 8.41332 1
19.5175 4.92113 1
11.3828 -11.2897 -1
29.9257 -7.71506 -1
16.5841 1.34631 1
22.9142 8.88313 1
-23.1101 4.32397 1
-18.1026 16.3357 1
7.11188 2.94657 -1
-14.3061 6.68157 1
-15.9127 18.4939 1
10.494 -14.9237 -1
20.1546 -17.0397 -1
-16.0694 4.96066 1
30.7394 -9.28652 -1
7.8099 0.250229 -1
-17.8378 1.45855 1
12.1593 13.5706 1
39.1443 -2.7983 -1
6.90557 -10.592 -1
0.929394 4.66901 -1
-4.20245 21.1156 1
12.5485 10.9104 1
2.56697 3.34252 -1
29.2629 -10.9976 -1
40.9045 -4.54325 -1
-20.1221 14.8125 1
6.84982 22.3149 1
29.7847 -8.51512 -1
15.645 15.8642 1
-6.68256 13.5781 1
15.1829 -6.67237 -1
-12.3858 6.70669 1
15.903 6.61178 1
-1.49325 -2.87576 -1
30.2988 -14.6104 -1
12.8425 11.0764 1
24.3039 1.44441 1
-14.6922 0.933727 1
3.70431 4.68693 -1
-4.05801 14.2511 1
5.94396 18.222 1
5.84886 3.7166 -1
24.5773 -17.4742 -1
23.0954 12.5319 1
-2.73871 22.5834 1
-24.5936 7.71311 1
22.5512 7.5063 1
7.7243 -5.09298 -1
-6.70688 18.7794 1
3.33636 -12.8177 -1
43.7726 -1.65049 -1
27.1743 -5.44075 -1
35.3586 5.59704 -1
-3.2665 14.1646 1
2.42461 -5.79328 -1
6.90395 15.2589 1
-20.8248 2.66399 1
18.6528 -8.57023 -1
-3.57669 13.2794 1
30.6578 -2.14591 -1
7.11309 -7.74088 -1
32.6697 -7.47145 -1
-5.79644 20.9192 1
-13.7933 6.24729 1
-5.65101 13.7882 1
12.2801 17.2556 1
32.433 -9.98379 -1
-8.29989 13.3457 1
-11.9979 19.8026 1
6.93099 12.5987 1
-14.2387 0.267712 1
14.9723 4.3079 1
35.0954 4.98849 -1
30.3966 -6.88016 -1
34.1842 -5.47062 -1
-6.34975 4.69654 -1
12.6625 -14.405 -1
24.5289 -14.4256 -1
-16.755 4.0573 1
16.0824 5.60525 1
33.6741 -13.5768 -1
20.5567 9.84469 1
-15.0616 9.08914 1
19.8588 -14.5338 -1
9.78472 15.5151 1
20.6206 0.616768 1
-23.6436 0.915974 1
1.77977 -2.56306 -1
-1.27874 16.042 1
40.7818 6.95462 -1
45.2799 5.67404 -1
-9.31749 23.9545 1
28.3193 -7.67477 -1
26.2915 1.40542 1
4.57727 24.4742 1
22.384 -13.235 -1
-7.35277 18.0453 1
14.9142 3.03985 1
-2.66571 -3.68241 -1
-3.34187 17.9095 1
19.4428 12.4438 1
34.4288 -3.29537 -1
5.26104 15.029 1
-5.79417 12.61 1
-13.4435 11.1127 1
17.9582 0.523358 1
-9.86845 23.892 1
37.6056 3.44495 -1
18.2459 3.28766 1
11.3064 -4.49718 -1
6.80697 -1.18927 -1
29.1023 -5.82728 -1
37.649 1.6777 -1
34.6729 -10.1732 -1
18.7213 -9.042 -1
-13.7033 9.27567 1
12.9879 -7.27241 -1
15.4312 -16.4838 -1
-18.7848 8.6421 1
13.3737 3.29175 1
15.1155 12.486 1
-4.58999 21.5354 1
12.978 16.5061 1
12.6037 -5.29001 -1
1.05817 -2.92362 -1
6.78273 22.6228 1
13.6001 -9.7396 -1
7.1663 -16.1641 -1
22.5268 8.61103 1
34.2195 3.83236 -1
-11.7743 22.9592 1
26.9278 -15.457 -1
-15.2474 8.97021 1
7.308 -1.5758 -1
-14.8112 4.46471 1
23.2877 -8.61323 -1
13.5104 7.4539 1
-12.5632 14.0385 1
2.27885 20.1343 1
33.8629 6.94319 -1
13.6956 13.6929 1
13.1725 17.1377 1
10.8501 -3.60011 -1
28.0618 -7.38384 -1
9.8218 18.8482 1
9.89888 -11.1436 -1
-12.0898 17.8027 1
-21.5149 6.16385 1
6.98499 18.9358 1
9.32644 -15.1938 -1
9.89551 -16.6877 -1
14.3581 -11.1254 -1
-7.38234 15.6875 1
4.95993 -6.5725 -1
18.6175 -15.0446 -1
9.15376 17.6148 1
22.7567 3.99138 1
2.17513 18.6602 1
-14.4789 9.00388 1
-0.141213 21.5338 1
20.7818 0.045382 1
14.357 -6.39038 -1
30.9381 -3.02546 -1
42.5512 -0.506299 -1
23.6922 -13.2692 -1
2.17632 -3.67129 -1
2.19114 6.34443 -1
34.9723 2.6921 -1
35.1058 -2.02189 -1
-12.9315 8.48082 1
-16.2957 2.31307 1
40.5567 -2.84469 -1
15.852 3.90647 1
15.9095 -14.1135 -1
-12.9622 19.6257 1
31.4491 -2.97442 -1
30.4977 -4.97584 -1
42.8526 1.05094 -1
6.43988 -5.07256 -1
7.10561 -3.76675 -1
-15.0838 12.523 1
22.5502 -14.2445 -1
29.3036 -12.3862 -1
13.798 17.1248 1
-20.5892 7.18333 1
42.1618 3.55536 -1
25.2158 0.0289639 1
33.175 -3.01196 -1
10.3028 12.7931 1
-11.3115 18.1416 1
7.43676 -7.03848 -1
10.5698 -14.7774 -1
10.6578 9.14591 1
23.6397 10.494 1
-22.0509 12.032 1
5.24227 14.2875 1
-16.2165 15.295 1
1.07921 3.5359 -1
-5.54617 25.5218 1
21.8527 -18.2098 -1
9.09504 13.5817 1
3.92833 1.42136 -1
-16.5329 5.2074 1
40.8187 1.55183 -1
9.96774 -13.1209 -1
21.2176 1.5367 1
43.1536 4.56791 -1
34.3994 6.54088 -1
-17.5922 19.3584 1
11.7226 -10.4503 -1
32.3036 -0.23448 -1
32.0367 -1.29886 -1
36.5918 1.54508 -1
6.5681 -6.00668 -1
-1.70875 13.4516 1
-8.80026 14.2309 1
19.6389 3.23094 1
-15.8479 8.90945 1
3.9306 2.03934 -1
40.4236 2.17569 -1
1.01659 22.3054 1
34.4561 5.59087 -1
10.5441 -13.119 -1
-14.1766 14.3261 1
-18.1964 2.79046 1
6.54348 -3.29869 -1
2.95312 1.4346 -1
15.767 1.01295 1
20.4236 4.82431 1
-7.61349 16.8213 1
-11.3869 13.9653 1
-10.4892 15.7161 1
18.5722 -16.2597 -1
-1.89723 17.872 1
9.10229 12.8273 1
21.017 4.69854 1
27.4715 -14.356 -1
0.0263265 2.85414 -1
17.0044 -16.2623 -1
11.7462 6.83677 1
16.7379 1.2848 1
-16.2659 1.1943 1
8.6726 -1.34326 -1
30.3028 -5.79311 -1
10.5197 9.39658 1
-6.48609 16.0818 1
1.85273 25.2098 1
20.5216 10.4475 1
32.6693 -1.54816 -1
6.20673 0.752709 -1
-26.0733 4.03687 1
39.7961 -8.82752 -1
16.0366 13.8496 1
3.87918 1.53418 -1
-1.83188 19.8949 1
-7.84999 21.983 1
-3.2739 0.12274 -1
14.2036 -13.9192 -1
5.50219 24.343 1
-3.6436 6.08403 -1
13.6644 -6.7844 -1
15.7623 19.4756 1
19.2643 1.06696 1
32.9566 -0.551574 -1
10.6907 -2.89936 -1
-6.13727 3.47389 -1
-15.0199 20.3119 1
-0.0849476 5.2239 -1
11.5909 20.1623 1
-10.2135 9.63471 1
7.53402 -14.7109 -1
16.2341 -11.8418 -1
35.7623 -12.4756 -1
35.16 -10.7568 -1
-6.33558 13.7844 1
12.4501 7.46597 1
-11.9835 6.73829 1
-3.51412 25.9964 1
8.84502 15.1339 1
-4.54068 5.81508 -1
1.18029 17.0873 1
2.41619 25.3455 1
-17.8089 0.655568 1
14.5762 8.67448 1
4.7188 25.6736 1
2.95642 -7.71297 -1
4.08726 -11.4939 -1
-16.4701 6.18124 1
26.2068 -10.554 -1
-3.1101 2.67603 -1
-7.39104 21.9474 1
17.8371 -6.64478 -1
37.1353 -2.2568 -1
-11.4527 20.6179 1
12.15 -14.983 -1
19.2128 7.58392 1
6.40527 2.01007 -1
5.57291 24.8134 1
2.64059 -1.17046 -1
12.1659 17.7472 1
15.2871 -13.67 -1
6.84489 3.618 -1
24.4279 6.79953 1
1.5917 -0.119789 -1
-10.9204 12.6111 1
3.40034 16.2359 1
0.353615 19.4356 1
-8.28016 13.4061 1
-15.8155 12.4486 1
-11.5583 14.1326 1
0.896094 20.0743 1
14.0325 -14.2694 -1
11.0168 -13.1606 -1
-7.9766 20.6858 1
39.2947 6.27085 -1
-3.22262 18.6456 1
-7.87722 23.3557 1
13.5058 -6.69967 -1
6.86168 -0.200272 -1
24.1846 0.798018 1
33.1725 -10.1377 -1
7.91396 22.99 1
1.5107 -6.02364 -1
43.5276 5.4911 -1
12.3883 -4.92089 -1
6.96258 18.9363 1
18.7206 3.20094 1
-17.3011 10.5803 1
31.7462 0.163231 -1
12.2359 8.2009 1
-21.947 5.08748 1
27.1546 -17.7894 -1
0.324585 14.3205 1
35.5127 -8.20709 -1
7.38103 21.2633 1
39.6259 3.28021 -1
4.38668 16.8247 1
-16.6976 14.1115 1
14.2058 -5.60998 -1
10.6252 -4.79746 -1
15.1058 9.02189 1
25.261 -8.029 -1
7.71207 13.3937 1
-0.587964 16.6938 1
-23.1494 11.3856 1
-12.9658 19.7111 1
-0.00477302 4.7089 -1
14.1842 12.4706 1
27.4586 -15.8475 -1
-18.8541 4.88712 1
22.6507 -9.22192 -1
-3.69079 13.0507 1
12.6849 -11.9275 -1
-20.3744 8.71477 1
22.294 -18.1643 -1
25.7157 0.0210741 1
7.049 12.6219 1
6.96356 0.506969 -1
22.429 -12.4755 -1
4.99603 -11.003 -1
6.35151 -10.8404 -1
-13.7532 8.87748 1
22.9765 -17.7874 -1
-8.88663 17.5264 1
4.75369 6.93268 -1
23.2623 -13.6916 -1
17.2613 -15.5834 -1
-1.249 6.19534 -1
1.80359 4.20954 -1
23.6076 -14.3584 -1
1.28956 -1.03855 -1
14.9007 -17.1447 -1
-1.4422 21.0216 1
-5.41656 2.88882 -1
-11.029 10.2947 1
-15.5203 3.27558 1
10.7657 9.49367 1
-17.9858 17.1949 1
-8.12507 11.0723 1
2.0812 -4.17993 -1
6.38539 6.83024 -1
14.1858 -9.58091 -1
-8.98321 20.1606 1
14.161 -11.7049 -1
15.3799 -15.148 -1
14.9543 15.1928 1
-5.96746 21.2694 1
15.4083 -16.0215 -1
26.1917 -8.49195 -1
23.9149 -16.4231 -1
20.5653 -18.2857 -1
-8.88398 16.0001 1
-10.3487 11.0614 1
-6.39373 25.4768 1
13.9354 -8.94429 -1
-23.9244 7.35613 1
2.07814 2.72965 -1
-0.554195 -1.82562 -1
15.953 20.8108 1
-20.899 4.62815 1
24.3606 -6.24623 -1
8.05362 -12.5396 -1
44.8149 2.81536 -1
18.6355 6.71911 1
-9.19185 20.6291 1
5.29651 24.3432 1
5.54239 -8.51932 -1
-13.4565 10.2987 1
40.8213 -3.14444 -1
33.3082 -14.5887 -1
-14.652 17.9373 1
-2.61676 13.264 1
30.1939 -7.55946 -1
20.069 6.64385 1
-22.4764 10.5745 1
1.85341 -9.66123 -1
29.9725 -4.96042 -1
0.221788 25.1264 1
-3.21652 17.896 1
-22.1589 7.49526 1
21.6939 -8.06886 -1
19.7171 -14.795 -1
12.6693 8.54816 1
4.03075 1.26081 -1
-8.86667 23.6546 1
-1.27542 17.7969 1
3.34923 16.3325 1
8.2249 23.5273 1
4.89135 4.47037 -1
-4.86513 13.8629 1
0.966242 -2.53235 -1
43.5919 5.64338 -1
1.69394 15.0689 1
17.6056 3.55505 1
-20.2219 4.4666 1
15.7413 13.2018 1
-2.24475 16.5549 1
18.0195 13.4839 1
12.7395 -12.5784 -1
-22.3279 8.77672 1
5.29485 12.5348 1
-16.6864 15.9642 1
4.03163 -11.4258 -1
8.56161 14.8479 1
37.426 -12.3931 -1
32.2329 -16.4207 -1
19.9659 -12.3916 -1
-15.3231 13.5887 1
33.6749 5.73263 -1
-15.7316 15.4426 1
-13.5599 2.80818 1
8.8066 -2.2081 -1
-20.5685 9.65428 1
-2.93015 17.3306 1
-18.4083 7.11979 1
9.6577 -5.11835 -1
19.3212 12.0808 1
16.7679 4.82693 1
24.0226 -9.49648 -1
-6.43896 14.9918 1
-13.4319 13.0067 1
21.2444 -8.7512 -1
-2.83751 6.66447 -1
20.987 5.04717 1
4.97303 4.45142 -1
41.547 -8.02584 -1
-8.15235 15.8703 1
13.4382 4.42749 1
5.84068 -10.4924 -1
41.6781 -3.8718 -1
19.2875 -16.5031 -1
8.06695 -0.0248306 -1
24.4923 -12.4566 -1
17.2217 4.82552 1
3.28772 15.6132 1
10.3966 13.8802 1
39.0753 -8.31567 -1
24.6631 2.34228 1
0.991424 15.4455 1
20.5751 -11.5555 -1
24.8826 1.93325 1
-20.6001 11.1641 1
-7.5613 15.8783 1
23.6644 3.76626 1
24.1366 7.92501 1
10.2469 -8.99568 -1
30.5501 -5.88641 -1
-6.9511 15.8059 1
15.7549 -12.6616 -1
9.76113 -5.35301 -1
16.4233 -6.27941 -1
3.93574 23.6824 1
4.18455 -5.44856 -1
40.9249 -0.651749 -1
13.0352 21.7255 1
40.9027 6.53784 -1
8.22573 -15.9592 -1
10.8774 9.2285 1
-21.3569 3.50108 1
33.2583 -3.66296 -1
35.6186 -1.29584 -1
42.7567 3.00862 -1
10.4875 15.4947 1
-8.25818 13.0539 1
44.3039 5.55559 -1
1.56348 16.0516 1
6.9278 22.457 1
12.5303 5.19411 1
32.7198 -0.524866 -1
14.034 7.88633 1
15.1527 16.6653 1
36.2688 -1.29034 -1
-17.433 3.65748 1
22.9555 -9.79875 -1
7.74629 19.2443 1
-5.35715 15.2758 1
12.0453 14.5876 1
-12.692 8.5758 1
11.1333 -16.6546 -1
-23.2739 6.87726 1
-6.93338 22.8769 1
1.89741 -9.33566 -1
11.6224 8.8428 1
-15.1087 2.52963 1
24.6037 0.697008 1
33.051 -12.1946 -1
3.71052 24.9178 1
2.68339 18.147 1
41.9793 0.655685 -1
2.26353 -0.328241 -1
19.857 -13.3191 -1
0.154602 24.0397 1
34.7145 -11.4007 -1
7.03424 -12.7111 -1
-0.0340886 19.3916 1
43.599 4.85014 -1
39.5418 -5.89075 -1
22.8503 2.86468 1
34.6376 4.30411 -1
25.1962 -18.8027 -1
1.33891 22.7922 1
15.6147 -12.5416 -1
6.0256 15.3706 1
-10.1007 22.7218 1
20.733 12.7165 1
16.7335 -7.16463 -1
36.9422 -0.710242 -1
18.2276 -8.65589 -1
-1.25704 -3.58644 -1
5.22123 -14.7785 -1
29.8791 -11.6462 -1
-22.0675 10.9507 1
20.8281 -8.31865 -1
11.116 -9.00006 -1
30.774 -13.2282 -1
35.9182 -12.1967 -1
13.2583 10.663 1
-6.88993 16.4892 1
12.0367 8.29886 1
40.7781 -2.70134 -1
-19.0248 5.1262 1
38.9866 -1.01161 -1
-5.45494 17.6607 1
21.5314 11.2021 1
5.39674 -3.97934 -1
32.5485 -3.91038 -1
2.53432 15.7763 1
35.2248 -0.869168 -1
-8.65871 20.7905 1
-5.54228 17.874 1
16.3092 -6.05066 -1
31.208 -9.08696 -1
-13.9934 14.1513 1
38.6541 -10.6395 -1
32.978 -9.50613 -1
2.40781 -12.3584 -1
11.8341 13.2794 1
42.4506 5.76815 -1
13.1331 -5.18391 -1
13.5594 2.88993 1
0.350056 15.9513 1
-8.23535 23.7545 1
30.1687 -13.6898 -1
27.6951 -15.3408 -1
12.0234 -13.6858 -1
37.762 -7.22083 -1
-8.48818 19.0308 1
32.2014 0.0120567 -1
13.3057 7.17332 1
11.8477 -8.87029 -1
0.554954 2.4963 -1
-2.91649 24.2841 1
37.3589 5.73139 -1
28.9854 -3.83088 -1
38.2459 3.71234 -1
38.9704 5.24968 -1
16.734 12.3267 1
7.13867 -10.8956 -1
36.5841 5.65369 -1
29.3686 -13.4367 -1
14.6155 4.46754 1
9.87906 18.6462 1
0.33478 3.76854 -1
-1.0027 -1.42989 -1
7.70381 -5.67476 -1
6.59574 -9.26472 -1
10.634 10.7132 1
-21.4582 7.90695 1
41.778 1.85463 -1
-8.10176 17.5835 1
41.5314 -4.20215 -1
7.33322 20.7412 1
12.5252 5.3553 1
16.3681 17.9042 1
24.991 -17.2442 -1
6.90033 -15.3135 -1
38.7206 3.79906 -1
29.5302 -7.02229 -1
6.21841 -5.23443 -1
8.3386 11.5499 1
-0.442826 0.400139 -1
-9.47433 21.949 1
19.9607 -8.90497 -1
16.7835 -10.896 -1
9.5302 14.0223 1
16.4704 8.14977 1
-6.66698 12.7375 1
10.929 21.0747 1
34.1755 -11.0636 -1
-15.2901 3.49198 1
8.93827 24.8469 1
30.5308 -6.72511 -1
-22.6838 13.056 1
10.0055 -6.36844 -1
5.03947 -1.69486 -1
-11.781 8.96157 1
17.537 0.424599 1
25.5022 -17.343 -1
10.4977 11.9758 1
30.3772 -5.18636 -1
18.5395 17.9396 1
29.1538 -10.6148 -1
1.45535 -7.55947 -1
18.7246 -10.7969 -1
25.067 -6.28893 -1
31.4482 -1.05402 -1
6.93192 22.8947 1
4.99103 24.2442 1
-0.00536188 -5.46308 -1
13.0489 -8.80594 -1
5.67403 -5.89074 -1
13.0369 15.3859 1
34.8242 -0.248584 -1
24.5866 6.95679 1
-1.34696 25.7382 1
5.22447 1.85621 -1
22.6784 -14.8255 -1
32.9885 -12.6118 -1
15.6555 1.10605 1
39.5856 -0.86789 -1
37.8723 -4.66087 -1
19.5418 12.8907 1
26.0342 -11.2327 -1
3.08538 -11.1448 -1
18.1823 2.28313 1
12.5808 -14.0007 -1
42.5268 -1.61103 -1
3.05125 21.9493 1
-19.3037 2.02673 1
13.333 -5.73749 -1
7.08999 14.8899 1
-1.74755 24.8729 1
7.38214 -0.810826 -1
16.98 3.14014 1
14.7538 21.5913 1
20.9027 0.462159 1
-3.30055 20.2354 1
33.4382 2.57251 -1
-4.99083 16.8289 1
-0.464053 -0.224197 -1
-2.11123 22.6025 1
11.8749 -4.07226 -1
34.3326 2.88213 -1
14.1159 1.96711 1
11.7418 -6.05394 -1
44.6037 6.30299 -1
15.0074 -7.23422 -1
41.529 3.74453 -1
-0.75202 15.4374 1
32.1652 -0.495478 -1
-16.3548 7.72883 1
22.7495 -12.1741 -1
-9.14992 10.6001 1
15.7356 0.212406 1
-25.017 2.20146 1
16.1719 1.85587 1
19.4212 6.83295 1
34.4122 6.28968 -1
-2.68382 -6.05599 -1
16.4819 8.1705 1
-2.96831 -6.1628 -1
12.5986 9.22864 1
20.8213 10.1444 1
-19.4084 16.2684 1
-11.3274 8.34326 1
-21.2696 2.03859 1
40.6088 5.99297 -1
5.08519 4.7264 -1
-15.2874 21.1953 1
36.1357 -9.56396 -1
12.9283 21.9663 1
15.2248 7.86917 1
-2.92184 -4.73081 -1
8.66963 -8.21597 -1
6.56415 23.1559 1
27.9834 -12.6202 -1
15.1349 -6.86292 -1
2.38395 20.235 1
-0.726836 3.97372 -1
9.99153 16.4879 1
39.7716 -5.53676 -1
3.20151 17.3774 1
39.85 3.09535 -1
17.0514 11.9324 1
-11.1865 15.8717 1
-24.5572 2.67094 1
-17.9446 6.34783 1
22.7794 -15.4247 -1
-6.02977 13.8473 1
-13.0364 6.49303 1
0.667038 3.59319 -1
15.6778 6.73086 1
16.44 16.0947 1
21.3843 9.6514 1
3.0847 -2.71112 -1
3.26234 20.6916 1
23.4973 -8.21785 -1
15.2912 12.6865 1
12.1652 7.49548 1
-2.17541 22.3566 1
9.92798 -2.27147 -1
0.27593 -5.11821 -1
17.1353 9.2568 1
4.15212 -1.90945 -1
28.2798 -13.4733 -1
7.13237 -6.92193 -1
34.0907 3.41261 -1
-0.451346 18.8546 1
32.2801 -10.2556 -1
32.4501 -0.46597 -1
23.1064 -17.6782 -1
-20.0054 12.4631 1
12.5109 6.28394 1
9.76611 -5.88025 -1
35.6517 3.75256 -1
45.2484 0.917207 -1
24.4579 -10.6989 -1
30.243 -3.99761 -1
15.3613 -7.42371 -1
-25.0005 5.77665 1
27.5773 -4.2184 -1
5.18288 -9.45303 -1
36.6106 -7.65791 -1
14.6299 -6.27181 -1
1.76799 -6.26109 -1
39.7762 -8.30452 -1
11.1778 13.618 1
30.5197 -2.39658 -1
5.21774 5.66979 -1
-0.558744 13.4896 1
11.5048 7.52316 1
9.50366 -5.3272 -1
-22.7469 12.8751 1
6.31404 4.74258 -1
-7.81328 19.5265 1
13.8015 -5.03854 -1
4.93835 -2.08914 -1
20.1657 -8.18932 -1
-13.0997 22.3135 1
10.1635 17.4112 1
-10.806 8.81162 1
37.7495 3.87988 -1
7.14186 24.8981 1
4.38366 17.3917 1
21.2565 -10.2682 -1
12.8009 -14.2657 -1
7.06265 -6.79495 -1
17.5006 18.6217 1
7.21065 -2.38709 -1
13.0108 -11.0156 -1
32.5303 1.80589 -1
11.158 7.76297 1
11.8281 13.9236 1
-17.1919 8.73187 1
21.4862 -14.0805 -1
-12.9374 13.7949 1
4.91792 23.1939 1
21.459 5.61487 1
9.98153 -6.17155 -1
9.30363 19.3862 1
2.12774 -9.30938 -1
3.78355 -8.29499 -1
-1.45009 14.3142 1
10.7394 16.2865 1
8.81352 -8.8717 -1
21.4547 -7.51539 -1
-1.40486 16.076 1
8.01653 0.261711 -1
-0.456416 6.41071 -1
33.8964 4.53607 -1
-18.4598 4.71837 1
-2.94396 15.5945 1
4.78376 1.06542 -1
44.4222 -0.235138 -1
-7.15204 13.5876 1
-16.6897 6.40529 1
4.74481 -1.88382 -1
-6.06463 15.9443 1
21.0495 -9.29175 -1
37.334 -5.4431 -1
13.3082 21.5887 1
31.5048 -0.523158 -1
13.7606 -10.6533 -1
26.7827 -15.6228 -1
-11.8245 12.3244 1
2.21469 -0.317201 -1
31.8217 -6.06871 -1
9.15465 10.5649 1
6.80877 -13.3286 -1
-0.208162 -1.41332 -1
-8.77576 14.2024 1
13.5139 -9.08176 -1
-15.0119 5.91069 1
15.5754 -14.281 -1
-25.8955 0.926113 1
5.54607 -9.79922 -1
7.8732 -1.47564 -1
34.5429 1.39534 -1
28.9383 -17.8469 -1
-0.282859 21.795 1
18.4567 7.35929 1
24.7188 -18.6736 -1
-10.3385 20.8491 1
32.011 -4.08749 -1
29.142 -5.77942 -1
35.008 -3.2736 -1
8.75542 -2.95554 -1
-6.49418 13.6997 1
-14.1511 3.2834 1
31.9893 0.300153 -1
19.091 12.5093 1
23.3271 -6.63738 -1
41.1358 4.56741 -1
17.8581 11.6711 1
37.2349 -12.4967 -1
17.256 -7.50603 -1
6.22461 -8.5273 -1
9.07962 -5.61114 -1
33.3625 -4.33817 -1
16.0496 7.85275 1
43.7501 3.45634 -1
13.3751 18.0236 1
39.3096 2.56678 -1
30.7471 -14.2048 -1
33.3057 -0.17332 -1
-18.4893 13.0236 1
22.4506 1.23185 1
43.361 -4.23139 -1
0.265714 -10.0355 -1
38.7687 -6.63236 -1
-10.2005 19.9022 1
33.5668 5.14304 -1
20.7711 14.4798 1
9.51077 -8.71611 -1
-11.1934 9.2081 1
-9.34892 22.5643 1
-1.45819 -0.906954 -1
-2.85863 23.575 1
6.22173 0.427222 -1
-19.5625 1.06501 1
12.6472 -11.0453 -1
35.6778 0.269135 -1
-19.7693 8.95988 1
4.07756 5.92586 -1
-7.72985 20.5206 1
33.1313 -2.79234 -1
41.9944 -3.20898 -1
-9.93439 18.7982 1
18.1028 -10.872 -1
31.5905 -0.802832 -1
28.5616 -7.84795 -1
-13.1551 3.382 1
25.8753 -17.984 -1
-4.73021 18.8098 1
-13.6683 10.7627 1
28.2105 -5.97461 -1
7.16845 19.2781 1
21.264 1.59862 1
-0.260194 -9.59654 -1
-0.93976 6.58961 -1
45.2675 0.892223 -1
19.3096 4.43322 1
20.2846 -12.7666 -1
15.6049 16.318 1
12.5235 -17.5289 -1
12.3434 15.6739 1
10.9663 -3.35592 -1
37.3105 -5.45295 -1
34.159 5.62314 -1
3.01906 5.25368 -1
29.4029 -4.44678 -1
-15.0138 0.482636 1
-1.4428 16.9751 1
17.7253 -12.1563 -1
7.58654 15.4647 1
41.502 -3.2477 -1
0.475857 -3.67587 -1
15.2071 -9.18062 -1
12.6916 7.39497 1
35.7848 4.48202 -1
-5.89089 17.5622 1
33.1901 -11.1133 -1
18.8257 7.02703 1
5.20474 -9.52682 -1
-7.76124 15.3187 1
14.8133 14.7923 1
-6.61292 12.4448 1
24.1566 -14.3005 -1
23.0188 -8.33322 -1
-4.09051 21.1135 1
7.56158 13.7419 1
20.6088 1.00703 1
30.3993 -12.501 -1
8.37538 19.9705 1
-16.9809 1.74632 1
-20.8355 0.411374 1
40.9231 -8.16367 -1
9.58746 16.2725 1
35.3556 1.14591 -1
-5.3477 1.35359 -1
2.05539 0.652173 -1
39.6534 3.3482 -1
10.1687 20.6898 1
-8.27738 17.4503 1
29.8325 -8.44759 -1
3.29972 -3.55598 -1
28.8524 -6.72791 -1
-17.8723 16.3094 1
7.76636 -11.5899 -1
15.41 -14.5354 -1
-11.8137 18.6184 1
-21.9607 12.0583 1
-16.6185 3.61231 1
14.8705 -18.0931 -1
21.5506 6.64906 1
-9.30933 9.89936 1
14.392 9.59991 1
-16.3503 13.2167 1
30.7013 -6.26453 -1
-20.0048 2.2911 1
2.04714 24.2511 1
-10.6736 22.1938 1
44.5222 -0.402653 -1
-20.1538 11.4341 1
-3.46578 24.1522 1
-17.3594 8.17046 1
-6.10879 18.9137 1
-12.5506 9.46203 1
-22.2313 2.94263 1
5.7319 4.19666 -1
20.1201 3.62214 1
32.5986 -2.22864 -1
13.214 -14.0065 -1
20.9619 12.3671 1
36.7767 -4.05607 -1
-14.581 6.75014 1
13.3871 -5.44483 -1
13.963 20.0559 1
32.8164 -0.396131 -1
9.93283 -11.8041 -1
8.9854 10.8309 1
29.2445 -5.98216 -1
14.4969 -11.1286 -1
31.9159 -13.3542 -1
-19.9053 4.42959 1
9.33194 -3.75372 -1
6.08556 2.00409 -1
5.39192 22.9904 1
8.17548 -5.32444 -1
-4.62008 22.148 1
-0.221871 2.5334 -1
18.5852 -18.7564 -1
19.6259 3.71979 1
12.0803 -12.604 -1
8.74049 24.594 1
25.5046 3.24195 1
14.4959 4.3432 1
43.2257 5.91275 -1
19.0843 16.7296 1
-11.9464 19.5396 1
7.03777 -12.6257 -1
2.22487 4.75258 -1
24.2814 10.3432 1
24.4775 1.14376 1
-26.2691 0.659504 1
-11.5632 16.485 1
-15.9224 1.07414 1
14.4288 10.2954 1
-10.0323 20.1209 1
11.1722 -17.5275 -1
-10.4021 12.4463 1
0.302924 -9.06004 -1
7.4699 12.055 1
20.2333 -17.4501 -1
7.91132 11.5753 1
26.0556 -9.77669 -1
19.6992 9.73216 1
14.159 1.37686 1
-1.6808 13.8761 1
-5.82713 22.4336 1
-21.6178 8.83461 1
0.914222 -3.63654 -1
31.8341 -6.2794 -1
17.8888 -15.6025 -1
6.7448 20.0181 1
30.1635 -10.4112 -1
34.8133 -7.79225 -1
-8.10148 20.7178 1
16.9897 5.1237 1
0.822479 -7.08908 -1
28.2249 -16.5273 -1
33.9117 -12.365 -1
0.977344 -10.599 -1
16.6655 -12.9831 -1
9.59085 -4.04004 -1
2.48264 -11.7539 -1
20.4058 4.59545 1
-5.83899 18.7049 1
13.9876 16.3584 1
-6.07333 2.96313 -1
24.6472 7.37366 1
-19.7343 17.0355 1
-25.5657 2.14036 1
26.2946 -11.3398 -1
-21.249 0.804659 1
23.0512 -14.9493 -1
-26.1277 2.92209 1
23.291 -14.8262 -1
32.8425 -4.07637 -1
33.4609 -7.53124 -1
13.1313 9.79234 1
-24.1897 2.20723 1
7.91885 -4.49457 -1
20.4726 -17.2691 -1
-5.3701 13.2718 1
26.8498 -15.3149 -1
14.2195 3.16764 1
5.676 -7.90387 -1
23.2015 -10.3774 -1
14.6429 -8.2758 -1
29.9915 -9.48795 -1
-13.193 8.18927 1
4.15659 21.3005 1
-5.56572 4.85964 -1
33.9057 2.15169 -1
-5.54266 4.56935 -1
-3.23555 6.86446 -1
11.4681 18.8598 1
-1.68319 1.02602 -1
-17.8237 10.6713 1
15.2732 6.48002 1
-16.0112 2.19767 1
17.9716 -13.8157 -1
2.52327 21.5088 1
-20.1558 14.004 1
-5.64303 13.3904 1
0.233251 24.4501 1
10.9126 15.9051 1
12.7102 -17.6678 -1
25.5511 2.77879 1
13.8629 0.0568126 1
12.8632 -16.1122 -1
17.5419 17.934 1
8.05617 -10.6188 -1
36.4132 -1.31064 -1
11.7568 6.76615 1
40.3946 3.67404 -1
15.7975 -14.1156 -1
6.4401 4.19182 -1
-25.7676 5.53906 1
-6.33345 6.44239 -1
38.4031 5.22715 -1
-9.45594 20.119 1
2.57533 -4.58441 -1
18.5951 -9.07602 -1
-19.6193 4.46895 1
-23.0482 3.62424 1
36.1755 5.99454 -1
-18.4183 8.15867 1
39.2011 -4.50226 -1
-11.0154 8.34988 1
35.852 3.09353 -1
8.97095 -3.29471 -1
8.31347 -8.161 -1
41.459 1.38513 -1
-19.0338 9.53235 1
-0.00897011 6.67056 -1
34.2295 1.6059 -1
9.97253 11.9604 1
-20.5542 8.82562 1
41.3843 -2.6514 -1
-10.5668 18.4075 1
-14.9009 2.10757 1
14.197 11.9929 1
12.2014 6.98794 1
-12.8881 4.05343 1
-18.275 7.65357 1
-2.27471 19.1563 1
36.4704 -1.14977 -1
16.9789 -6.42188 -1
38.5138 0.137679 -1
-22.2781 9.48431 1
-18.336 4.41985 1
-17.0469 5.5654 1
-13.0016 18.5436 1
13.6063 -18.4768 -1
6.98576 -5.44226 -1
-17.4247 11.5844 1
7.57731 11.2184 1
7.61416 0.293305 -1
10.6511 -15.5643 -1
15.4672 20.8193 1
35.953 -13.8108 -1
3.74086 13.6253 1
-15.8242 11.8978 1
13.2241 15.493 1
-11.9052 11.4725 1
-0.682748 14.7151 1
27.858 -7.93124 -1
25.2917 -17.8377 -1
6.47389 1.48817 -1
1.9704 -10.1184 -1
23.5573 -9.38487 -1
9.61006 23.4547 1
15.288 -15.9884 -1
-17.6779 2.60974 1
41.5473 4.9543 -1
9.43324 -11.4075 -1
22.1618 3.44464 1
-10.4963 12.3272 1
16.9669 5.23505 1
40.4338 2.10485 -1
-2.27811 -2.48431 -1
38.4688 5.4778 -1
-17.7853 13.302 1
7.69508 22.3408 1
17.7553 -9.55485 -1
9.79947 -12.9022 -1
8.6981 -5.04802 -1
-1.34249 18.4453 1
40.3977 -7.94011 -1
13.5781 15.8307 1
-9.86904 10.9519 1
28.3754 -12.9705 -1
20.4338 4.89515 1
22.5233 -14.5088 -1
44.2814 -3.34319 -1
-2.99669 21.2132 1
40.7252 -5.52742 -1
34.4959 2.6568 -1
-14.7823 1.33021 1
16.1865 -12.0228 -1
38.4631 -3.19357 -1
16.9673 -11.9399 -1
-1.28881 18.98 1
-6.22651 18.1858 1
23.7726 8.65049 1
-20.0849 1.7761 1
0.975172 1.8738 -1
31.7568 0.23385 -1
-16.6753 2.18151 1
2.16418 21.595 1
11.3119 11.0335 1
3.65422 3.59661 -1
23.0814 1.00548 1
11.0911 -3.29197 -1
3.31361 -8.9642 -1
34.9166 -0.134686 -1
26.5207 -14.9572 -1
4.70992 3.50802 -1
37.2217 2.17448 -1
-7.13684 23.1122 1
-16.6752 8.04303 1
32.2359 -1.2009 -1
-21.4715 13.5355 1
14.6376 2.69589 1
18.5138 6.86232 1
13.9117 19.365 1
18.5325 17.8588 1
11.3142 22.5524 1
40.4168 0.732763 -1
-14.9605 8.69486 1
4.98012 -13.3119 -1
44.6472 -0.373664 -1
17.3832 -6.26402 -1
-18.9126 14.8965 1
18.7859 -10.6817 -1
9.82247 -2.70084 -1
17.7976 14.1705 1
38.6838 -2.87767 -1
31.4681 -11.8598 -1
11.7614 -12.3253 -1
21.3819 0.968012 1
-10.7012 23.1998 1
28.845 -8.13395 -1
5.88408 6.76095 -1
28.3114 -16.038 -1
30.6923 -6.96862 -1
18.6575 -11.4453 -1
5.09911 4.89243 -1
10.8536 -8.52178 -1
0.696306 4.97327 -1
-8.15656 13.5948 1
40.573 -5.88446 -1
16.4859 -18.9964 -1
19.466 0.858785 1
6.00662 -7.15133 -1
12.7807 10.5732 1
-21.1147 10.0248 1
7.66119 11.2784 1
14.3072 -13.4815 -1
2.60755 -3.60008 -1
13.5643 17.1734 1
7.31039 24.0097 1
-14.0336 10.8441 1
19.248 -8.43736 -1
14.9166 7.13469 1
-21.8078 4.86597 1
-19.1775 14.0891 1
23.92 -9.00077 -1
-14.8171 16.453 1
-7.28977 24.6678 1
-14.2681 2.80334 1
35.3773 0.996155 -1
8.38673 10.6788 1
-18.4145 0.362442 1
-0.355614 24.5193 1
-16.9153 9.71112 1
16.2693 -14.1354 -1
1.8348 15.0885 1
12.7198 7.52487 1
12.0103 -5.77952 -1
40.9024 -8.87537 -1
16.1357 16.564 1
21.1764 -9.54367 -1
16.5806 11.5091 1
32.5109 0.716061 -1
0.284561 19.7666 1
5.34803 -10.9373 -1
-12.2787 6.56973 1
-18.427 8.21743 1
-1.38252 22.0446 1
26.8499 -6.43889 -1
-16.0186 4.50575 1
5.60941 -11.7535 -1
-4.42459 21.281 1
29.5971 -11.1458 -1
27.1685 -12.2781 -1
35.8118 2.88253 -1
38.139 3.21177 -1
5.70154 -3.66449 -1
29.6668 -13.6248 -1
33.0352 -14.7255 -1
-1.35685 3.49892 -1
-17.3944 1.89577 1
22.0471 -17.2511 -1
41.6154 2.86991 -1
2.0091 17.5784 1
8.98457 -1.34988 -1
27.1656 -5.06104 -1
22.3368 -10.9017 -1
2.6928 -11.2479 -1
-22.2075 3.10894 1
15.1555 4.96031 1
-17.0436 14.713 1
10.8676 12.5004 1
-19.7241 12.1182 1
-6.78601 21.0065 1
19.1473 15.1694 1
7.96455 -15.6951 -1
18.7687 13.6324 1
8.34097 -11.5806 -1
45.2158 6.97104 -1
21.6154 4.13009 1
35.4672 -13.8193 -1
-6.39994 16.7396 1
12.0036 -7.5284 -1
10.8081 -13.6291 -1
-2.23127 4.05737 -1
-6.19847 12.0385 1
35.9925 -1.98087 -1
23.2257 1.08725 1
24.8149 4.18464 1
23.7501 3.54366 1
25.2183 1.00677 1
12.8428 11.7604 1
34.5661 -14.8283 -1
-14.6385 1.003 1
37.9707 -6.08476 -1
-6.20088 23.9913 1
-22.6657 10.6824 1
2.77358 -3.87413 -1
14.0636 15.4828 1
18.6838 9.87767 1
6.24679 -1.87748 -1
-9.19002 21.6204 1
2.01415 -10.1949 -1
3.95248 1.55631 -1
4.71263 -14.1953 -1
4.14036 1.98807 -1
2.55017 21.2445 1
4.9881 1.08931 -1
37.5006 -11.6217 -1
-18.9958 13.3267 1
33.1063 -5.09957 -1
13.6749 1.26737 1
-7.19354 19.6579 1
37.9298 2.3756 -1
-10.3164 13.8733 1
23.6116 -7.85561 -1
20.5449 5.53061 1
14.4122 0.710318 1
13.051 19.1946 1
-10.4872 9.76568 1
4.4445 -1.55086 -1
7.44945 -2.46203 -1
3.38153 3.38769 -1
11.8492 9.48297 1
41.4207 5.18242 -1
5.94767 -7.25921 -1
29.8701 -12.9993 -1
16.0421 4.14943 1
3.55728 16.3849 1
39.7144 6.61305 -1
34.9093 -11.6309 -1
16.2139 1.93667 1
30.9549 -8.78244 -1
16.4132 8.31064 1
6.22762 -9.56878 -1
-1.22701 2.74278 -1
7.91016 -10.8027 -1
6.73138 3.95878 -1
15.3556 5.85409 1
28.3209 -8.39836 -1
-1.77243 15.6559 1
6.29464 18.3398 1
13.4673 4.67097 1
22.5343 -8.7763 -1
9.12472 -9.2936 -1
-15.0172 1.01406 1
39.6992 -2.73216 -1
-12.9902 9.33037 1
14.418 14.8786 1
20.9231 15.1637 1
7.06849 14.8928 1
27.6612 -4.27836 -1
35.4786 -0.209398 -1
38.6355 0.280894 -1
5.6939 0.318431 -1
29.7778 -16.3031 -1
12.538 19.5367 1
34.6302 1.46781 -1
-20.0264 2.74091 1
23.4087 -11.3711 -1
25.2675 6.10778 1
-14.7755 5.14379 1
22.1642 -14.595 -1
-7.99642 14.5284 1
-18.7104 8.03855 1
10.9901 -8.8599 -1
12.7438 16.7516 1
-21.0027 8.42989 1
-7.39396 13.3773 1
-14.6033 10.9793 1
23.7105 -17.9178 -1
-14.326 12.8907 1
25.3555 -7.08347 -1
33.9259 -7.3896 -1
32.9307 -3.70376 -1
26.0022 -7.28476 -1
4.49227 19.4566 1
12.9566 7.55157 1
19.5923 -14.2349 -1
33.0281 -0.842349 -1
-23.3531 5.04216 1
24.3837 -10.3917 -1
1.48622 21.0805 1
13.9702 -6.84726 -1
34.4878 -11.2211 -1
1.58175 -1.15867 -1
20.1921 -10.2338 -1
4.0226 16.4965 1
3.73062 -13.594 -1
15.4633 3.05826 1
26.1485 -11.1261 -1
16.2811 20.4539 1
4.45493 -1.81998 -1
17.426 19.3931 1
8.21903 -1.96157 -1
27.4699 -5.05496 -1
14.0907 3.58739 1
12.6746 6.8877 1
0.0926282 -7.65918 -1
9.92572 14.7151 1
-10.7039 14.9047 1
13.3772 18.8168 1
34.1159 5.03289 -1
44.4279 0.200465 -1
19.412 -9.69385 -1
-15.515 0.288461 1
8.74995 20.166 1
20.9024 15.8754 1
10.7471 21.2048 1
4.76848 -6.16979 -1
41.017 2.30146 -1
2.67837 21.8255 1
7.31309 1.35332 -1
17.7495 3.12012 1
-14.7987 6.42882 1
3.3696 18.0779 1
18.1428 5.77973 1
5.36151 5.997 -1
21.2486 4.3213 1
11.3597 -17.7006 -1
35.645 -8.86422 -1
-13.6485 17.8404 1
-0.600107 -4.1641 -1
-10.05 12.1493 1
44.4775 5.85624 -1
-20.4428 6.59986 1
36.4451 -7.67241 -1
-6.99825 16.8056 1
8.00214 -12.8026 -1
-21.7099 8.04074 1
34.034 -0.886334 -1
39.1473 -8.16941 -1
-25.3477 5.64641 1
-24.0631 5.69278 1
13.6741 20.5768 1
-0.835477 6.58863 -1
2.42901 19.4755 1
29.5748 -16.7519 -1
7.20292 13.1806 1
20.9249 7.65175 1
10.4345 -4.18763 -1
-18.6364 5.73829 1
2.33682 17.9017 1
22.8249 7.89813 1
27.049 -5.62192 -1
-0.493861 20.2312 1
-12.2962 12.6748 1
17.1928 9.51137 1
-16.864 8.38845 1
37.0306 2.05608 -1
12.3865 -9.82128 -1
-18.232 13.2611 1
44.7521 2.40365 -1
13.3082 -10.8127 -1
33.3751 -11.0236 -1
1.08738 -7.89645 -1
18.9866 8.01161 1
-18.1466 16.6612 1
42.8249 -0.898134 -1
32.6746 0.112296 -1
-9.43018 21.7774 1
-12.2757 12.093 1
30.4875 -8.49472 -1
16.2688 8.29034 1
-25.5427 2.43065 1
-13.7754 15.5273 1
16.7774 -11.6456 -1
27.3332 -13.7412 -1
6.98411 -8.9939 -1
36.2954 -1.45257 -1
13.3538 -10.9971 -1
37.4379 -4.90957 -1
24.7238 -16.8472 -1
39.0843 -9.72959 -1
-5.00052 1.22335 -1
-16.1208 5.46582 1
35.5918 -9.58987 -1
19.057 -9.69711 -1
13.2896 6.57519 1
23.361 11.2314 1
21.1803 -10.0873 -1
-16.0429 6.41173 1
-9.16184 16.751 1
14.5429 5.60466 1
29.5875 -9.27253 -1
35.7919 2.29047 -1
15.2391 5.46777 1
20.7875 5.18642 1
36.3681 -10.9042 -1
-5.85399 12.9665 1
12.9592 -7.51518 -1
12.6697 14.4714 1
6.26112 2.55224 -1
-19.4603 13.462 1
-0.371359 15.9975 1
15.9182 19.1967 1
16.7547 17.1564 1
14.4577 -10.874 -1
5.39477 -9.11895 -1
5.19615 25.8027 1
41.8163 -2.68952 -1
-13.4064 21.9919 1
35.2072 1.02697 -1
-21.227 4.25722 1
17.6972 8.84101 1
-16.1208 9.43953 1
-0.726548 -2.54178 -1
10.243 10.9976 1
-0.0264172 4.25909 -1
-2.64555 23.0429 1
6.73877 -11.2246 -1
36.1512 -1.48789 -1
-8.44406 14.9874 1
-12.466 21.7109 1
23.4457 -6.29974 -1
15.2568 -12.023 -1
16.4451 14.6724 1
37.6972 -1.84101 -1
28.5463 -9.13033 -1
-10.6763 12.9675 1
25.944 -11.222 -1
12.011 11.0875 1
-14.0473 16.4258 1
29.8518 -14.9105 -1
-9.14638 15.5218 1
8.97583 -12.8927 -1
6.83442 3.57876 -1
31.158 -0.762969 -1
24.128 -9.86323 -1
-7.2605 19.5784 1
-20.2214 16.3409 1
19.5061 -13.2312 -1
25.4158 -14.264 -1
18.055 -12.9563 -1
-12.159 20.6124 1
14.3994 0.45912 1
38.8257 -0.0270328 -1
27.9967 -5.07555 -1
39.7889 3.80744 -1
7.06855 -1.48082 -1
-17.7911 13.4574 1
36.983 5.20514 -1
8.85351 16.1518 1
13.2196 -5.50975 -1
20.9914 -8.44551 -1
-0.407707 21.2349 1
0.565325 25.2857 1
-22.9218 11.7308 1
11.1134 -10.5264 -1
-4.79292 16.1806 1
-20.9398 0.410393 1
24.7521 4.59635 1
-1.54948 16.1505 1
33.1626 -15.361 -1
13.9259 14.3896 1
19.7144 0.386948 1
2.32214 4.39026 -1
-9.76031 20.5168 1
33.099 3.00849 -1
43.0954 -5.53193 -1
21.8348 -8.08854 -1
19.1179 -18.9274 -1
14.4481 1.46043 1
11.173 16.9558 1
18.7112 -11.98 -1
-14.8863 7.95866 1
-15.0672 4.5197 1
1.75609 20.3625 1
15.0145 7.04566 1
10.9549 15.7824 1
7.76678 14.8138 1
-6.07822 21.4194 1
-0.717342 -4.71646 -1
14.9093 18.6309 1
-1.34724 15.5702 1
-1.94704 1.91252 -1
-4.08305 3.78055 -1
10.9381 10.0255 1
9.51275 -2.76568 -1
4.72382 23.8472 1
-11.659 18.5806 1
-19.3012 14.7029 1
-10.2389 12.353 1
28.2684 -5.07785 -1
3.67446 -4.60935 -1
18.0221 -10.2673 -1
10.7013 13.2645 1
-8.64028 24.7006 1
-15.2315 13.1698 1
18.5365 12.2643 1
21.6781 10.8718 1
-11.1893 20.7868 1
4.45794 17.6989 1
12.3036 7.23448 1
3.44573 13.2997 1
11.3277 13.2184 1
-20.4641 7.2242 1
18.2023 -16.3703 -1
36.734 -5.32669 -1
3.40872 18.3711 1
8.5542 -13.5051 -1
4.47972 3.72442 -1
33.9876 -9.3584 -1
8.54626 16.1303 1
-9.31034 14.6272 1
9.6615 -13.8491 -1
12.8065 -12.6579 -1
3.32466 4.81849 -1
-13.1383 7.20027 1
13.2931 -11.7794 -1
11.87 8.63637 1
-6.33425 14.0082 1
18.1681 -12.8949 -1
8.47791 -5.00914 -1
24.1583 -11.1495 -1
-13.1656 3.42124 1
14.2295 5.3941 1
25.3768 -9.5532 -1
11.5118 -12.0308 -1
2.21466 -6.30196 -1
35.2912 -5.68647 -1
-9.15073 15.9828 1
35.2732 0.519983 -1
39.2128 -0.583918 -1
21.1358 2.43259 1
-12.8319 10.3031 1
16.7261 -12.1945 -1
-23.0146 4.99417 1
8.21433 23.6553 1
17.9156 1.53757 1
25.3399 -17.8478 -1
12.433 16.9838 1
18.9704 1.75032 1
9.26288 17.9976 1
17.334 12.4431 1
-13.1912 20.3286 1
-5.76764 1.46094 -1
-2.20752 3.89106 -1
-19.9737 4.14586 1
33.0369 -8.38589 -1
9.41192 10.3268 1
19.9157 3.35959 1
15.0092 -9.82892 -1
18.3192 -6.87607 -1
-26.1373 3.52611 1
9.59794 -5.44625 -1
-16.0475 5.44369 1
9.19668 -6.19522 -1
44.934 -0.753608 -1
35.8973 1.69418 -1
7.00978 -2.33037 -1
2.84084 -10.3305 -1
19.7762 15.3045 1
19.8231 10.968 1
0.297852 15.6623 1
32.0453 -7.58762 -1
-12.7607 4.45842 1
-3.04819 3.37576 -1
37.4324 1.90823 -1
-23.6404 6.79969 1
44.1846 6.20198 -1
31.5007 -14.2489 -1
-13.686 2.25742 1
2.74954 19.1741 1
7.52254 20.4514 1
9.57479 23.7519 1
12.0412 -9.23334 -1
29.3774 -7.21599 -1
0.0946575 2.57041 -1
19.7716 12.5368 1
25.5774 -6.52476 -1
35.2391 1.53223 -1
42.8503 4.13532 -1
-10.072 9.27147 1
-2.0284 20.8157 1
-15.2162 5.93458 1
0.983937 21.3571 1
15.3773 6.00384 1
32.804 -2.33124 -1
21.8139 4.15054 1
-10.0185 13.1715 1
11.873 16.3542 1
36.4698 -11.4311 -1
3.13598 -1.38845 -1
-3.38002 20.5169 1
4.98623 6.51736 -1
-18.3576 0.87365 1
17.0698 -10.3306 -1
-22.8587 4.02476 1
-10.4091 11.04 1
3.80966 17.2949 1
-1.61784 -1.83461 -1
-5.81419 16.5809 1
39.297 0.158046 -1
-15.117 2.26003 1
-17.2124 11.1127 1
-6.19028 24.5579 1
45.5046 3.75805 -1
-2.34611 15.0003 1
39.4428 -5.44378 -1
-11.2446 9.95554 1
23.1536 2.43209 1
-18.3939 9.67703 1
1.60609 -2.67703 -1
-17.3072 18.2479 1
-21.7336 12.5606 1
9.40288 11.4468 1
17.2349 19.4967 1
14.1729 -15.4336 -1
27.2029 -6.18057 -1
37.7805 3.97196 -1
-14.324 14.9039 1
37.6235 -3.82379 -1
11.9589 18.9287 1
-5.33776 13.2521 1
6.59365 -14.9919 -1
41.5506 0.350943 -1
13.0666 -15.8769 -1
-3.27613 20.3422 1
28.8175 -3.3267 -1
2.34995 -0.295755 -1
-7.98973 12.7795 1
-13.1951 8.93551 1
30.6307 -5.24859 -1
-16.9364 14.1038 1
-3.01464 2.00583 -1
23.3492 -9.33248 -1
-20.7714 4.0368 1
11.7198 -6.4061 -1
30.8246 -1.39882 -1
32.8428 -4.76043 -1
-4.24507 19.6616 1
-0.456395 1.16251 -1
-14.1159 0.239055 1
-9.03374 10.3559 1
-14.2879 1.535 1
17.056 -8.59454 -1
-26.3497 2.30346 1
-2.74695 -5.87514 -1
14.1612 2.70248 1
8.5473 -13.6179 -1
24.3867 -9.82472 -1
13.8097 -17.5579 -1
21.502 10.2477 1
17.8246 -15.3566 -1
-7.41919 21.0007 1
27.7781 -15.4262 -1
-10.6681 10.7537 1
20.3946 3.32596 1
-0.35283 -9.89305 -1
8.3193 14.6748 1
3.93421 25.0108 1
11.7001 -6.3457 -1
-22.9683 13.1628 1
11.8434 -6.59477 -1
16.324 0.437138 1
30.8479 -13.2306 -1
4.61451 -5.65671 -1
-17.9802 13.841 1
30.6947 -1.76781 -1
37.7976 -7.17053 -1
-4.18966 4.79277 -1
-6.26909 6.3405 -1
4.98242 -3.9126 -1
9.78647 -2.63471 -1
8.68849 -11.1416 -1
14.2557 10.7257 1
-6.78039 12.5098 1
10.81 -14.6204 -1
29.1465 -15.8253 -1
7.30071 22.8448 1
-1.62464 23.5954 1
19.8016 2.49329 1
12.9437 -13.1194 -1
-13.7048 9.3056 1
-3.33455 19.9831 1
21.9944 10.209 1
-1.41482 25.7564 1
-0.374403 -1.71477 -1
14.6622 -6.25207 -1
12.2329 23.4207 1
7.65456 11.3702 1
35.4271 -6.64882 -1
0.165652 15.1893 1
41.264 5.40138 -1
16.983 1.79486 1
33.5594 4.11007 -1
34.6361 -2.75789 -1
10.1939 14.5595 1
35.7885 -1.38856 -1
-12.1268 8.47564 1
16.0001 -6.91409 -1
-0.942993 16.6971 1
9.59712 18.1458 1
-1.11474 -3.02479 -1
2.80806 -1.73187 -1
7.7681 17.3237 1
17.6477 -14.5296 -1
16.6581 -10.9095 -1
20.3501 -8.95126 -1
-3.27388 19.1945 1
35.5497 6.85743 -1
5.57739 13.5248 1
27.09 -7.88991 -1
-8.61715 18.2897 1
9.29885 -16.1998 -1
35.1155 -5.48601 -1
13.3174 -6.57809 -1
-12.8613 17.8956 1
-5.50315 18.1286 1
21.3389 -15.7922 -1
-0.813329 -1.17763 -1
15.864 -8.89845 -1
38.5365 -5.26432 -1
25.454 6.9161 1
-0.15383 -4.43406 -1
-1.47149 -6.53547 -1
16.7659 11.493 1
-6.64624 17.9971 1
40.5449 1.46939 -1
1.72498 -0.65357 -1
28.9432 -4.48899 -1
27.3104 -17.0097 -1
3.98882 4.80233 -1
-12.2762 12.4991 1
-1.70973 20.3621 1
-11.0242 19.8927 1
30.9589 -16.1798 -1
26.0256 -8.37063 -1
14.6302 5.53219 1
32.5252 1.6447 -1
-17.7751 2.24742 1
27.3007 -15.8448 -1
-19.333 3.40681 1
10.8382 -9.75095 -1
24.9954 1.87632 1
15.8973 5.30582 1
17.7708 2.74633 1
-9.88151 13.9441 1
33.3772 -11.8168 -1
27.9113 -4.57528 -1
35.4844 -12.4294 -1
37.5419 -10.934 -1
7.72382 -5.4991 -1
-16.3458 3.40339 1
39.4075 -5.77049 -1
-15.8596 5.01193 1
2.6989 -3.58034 -1
11.8982 -10.5835 -1
8.09476 -4.47252 -1
-18.1891 4.28828 1
-1.73358 -5.56061 -1
27.1419 -17.8981 -1
6.14854 18.1261 1
-0.58915 -0.183327 -1
15.0954 2.01151 1
4.17322 -9.88348 -1
3.73407 5.8057 -1
24.1379 -17.3159 -1
11.4239 17.5377 1
-7.93249 22.2063 1
-9.99455 13.3684 1
-7.04076 14.5152 1
13.1101 -9.48924 -1
25.5508 2.56751 1
27.0423 -5.36434 -1
33.0594 2.09154 -1
8.61313 -6.96533 -1
5.71212 5.465 -1
-4.99256 14.2342 1
5.87532 24.984 1
21.7799 -7.35904 -1
37.537 6.5754 -1
30.1326 -16.0327 -1
23.4003 -9.23592 -1
3.32482 -1.04303 -1
5.41061 -2.73928 -1
36.1396 5.68798 -1
7.17431 12.4407 1
45.9922 6.33204 -1
1.04952 16.2918 1
0.509177 18.4886 1
29.1872 -3.33192 -1
39.1616 5.24475 -1
4.91903 20.6923 1
8.0618 14.3838 1
33.3737 3.70825 -1
39.8309 5.0494 -1
3.91996 16.0008 1
13.9218 -14.4194 -1
20.4168 6.26724 1
35.9514 -13.1565 -1
-15.8268 16.8835 1
-6.23944 17.6533 1
33.2241 -8.49305 -1
15.4844 19.4294 1
4.64271 1.80964 -1
-13.7783 6.57278 1
-20.7173 11.7165 1
-3.92927 18.2748 1
-17.3925 10.6001 1
9.25353 14.942 1
22.7092 -10.0934 -1
14.1755 18.0636 1
-2.9288 24.3169 1
-21.3781 3.12083 1
7.77814 22.4262 1
8.27977 20.4733 1
4.20555 13.8654 1
-10.1775 9.70084 1
35.9559 0.428754 -1
4.88304 4.73997 -1
18.653 -18.7382 -1
-7.86251 12.9189 1
25.0511 5.12587 1
-17.5538 5.96489 1
40.069 0.356147 -1
13.3625 11.3382 1
13.1626 22.361 1
2.97652 24.7874 1
1.48827 13.4578 1
21.4207 1.81758 1
45.454 0.083899 -1
36.7379 5.7152 -1
38.5395 -10.9396 -1
20.3246 -7.32055 -1
24.9179 -16.1939 -1
30.9126 -8.90514 -1
-18.5601 4.41529 1
0.703844 -6.03771 -1
-3.3287 2.31091 -1
14.4878 18.2211 1
22.6834 -11.147 -1
31.4503 -15.5962 -1
5.08554 -2.63172 -1
3.29095 21.8262 1
24.1278 8.59254 1
33.2896 0.424808 -1
-20.8133 8.17763 1
0.591633 -9.26845 -1
-2.744 14.506 1
18.4688 1.5222 1
21.5473 2.0457 1
-15.5451 8.81998 1
10.2397 -13.5168 -1
40.0699 -4.85216 -1
21.0306 -19.3421 -1
10.8479 20.2306 1
-16.3255 11.6093 1
-19.142 16.2935 1
19.8309 1.9506 1
19.2947 0.729154 1
3.70104 4.57199 -1
-17.9188 11.1799 1
41.5982 -3.56639 -1
22.9019 -16.8439 -1
-16.6636 19.8177 1
-20.2602 16.5965 1
-3.48144 22.4738 1
16.5186 -15.4738 -1
-15.3243 3.4193 1
2.15102 6.156 -1
-2.99562 23.2623 1
19.1616 1.75525 1
15.5497 0.142568 1
-7.08682 17.7263 1
9.89926 -15.7218 -1
43.0814 5.99452 -1
26.985 -11.9358 -1
15.0834 -9.37872 -1
2.60555 5.10423 -1
20.7252 12.5274 1
12.3287 -16.5799 -1
13.1901 18.1133 1
39.215 2.38073 -1
43.6397 -3.49396 -1
4.3606 13.2462 1
-0.935839 16.3282 1
8.56804 -2.01369 -1
44.1366 -0.925009 -1
-14.1593 17.4924 1
32.6916 -0.39497 -1
-15.9684 18.4258 1
1.00417 -6.32667 -1
15.8118 4.11747 1
12.609 -14.9474 -1
34.6155 2.53246 -1
27.7463 -12.2443 -1
13.6657 -7.00819 -1
17.6703 -7.80878 -1
11.5905 7.80283 1
4.08125 4.14585 -1
17.649 5.3223 1
5.27342 -0.0566172 -1
-11.2372 20.9659 1
23.599 2.14986 1
1.57299 -1.21743 -1
-8.90891 10.292 1
-17.5754 12.7933 1
5.69719 20.9666 1
36.0366 -6.84958 -1
28.0912 -16.8868 -1
36.0496 -0.852752 -1
8.81074 -13.7868 -1
17.1414 -16.575 -1
-14.6052 16.1189 1
5.58081 17.204 1
23.0002 -15.0959 -1
-18.6207 2.04439 1
9.83248 15.4476 1
14.146 -5.96648 -1
35.1527 -9.66531 -1
21.8163 9.68952 1
40.3335 -0.403403 -1
-14.9148 2.2736 1
38.7715 -6.02299 -1
-12.6869 5.64668 1
-17.7853 7.3172 1
-13.5947 4.98993 1
21.028 15.3583 1
30.634 -3.71323 -1
36.9669 1.76495 -1
-9.72367 18.475 1
1.54019 2.28163 -1
-12.8869 14.7409 1
-0.771382 2.9632 -1
3.60762 21.3584 1
-4.74316 19.023 1
4.41662 15.436 1
13.3733 -18.2348 -1
30.8676 -5.50045 -1
7.16814 -3.30314 -1
11.8217 13.0687 1
29.9177 -3.92641 -1
5.81006 -6.41896 -1
14.349 -6.78821 -1
3.22671 4.96056 -1
-1.94496 19.9563 1
34.9142 3.96015 -1
18.2903 -13.3621 -1
10.3993 19.501 1
-3.03271 18.9399 1
0.698764 -7.70293 -1
-7.5426 12.7572 1
28.3386 -4.54992 -1
17.1361 -19.1494 -1
0.642197 17.1947 1
23.5276 1.5089 1
-18.2202 9.56306 1
6.23722 -7.03694 -1
23.7409 -6.62535 -1
-7.3674 21.4854 1
-0.712499 23.5031 1
9.92301 -11.6608 -1
1.77993 14.359 1
8.58781 -1.17141 -1
16.5342 -17.1522 -1
-2.86385 26.1494 1
-13.7628 14.0369 1
-14.1899 13.419 1
-20.7268 3.02628 1
19.4413 -6.48959 -1
29.2535 -7.94198 -1
33.963 -13.0559 -1
-2.85871 2.97524 -1
7.04234 12.3643 1
-10.0672 18.8041 1
0.357232 -2.39246 -1
35.4633 3.94174 -1
5.20132 0.571179 -1
7.72134 0.430266 -1
-23.2355 0.135541 1
9.18718 10.3319 1
-10.1011 18.1436 1
29.1547 -3.56486 -1
-23.3287 4.68909 1
-3.35308 1.95784 -1
44.8826 5.06675 -1
0.380656 2.53105 -1
-9.37485 11.7975 1
41.0167 4.08849 -1
17.9707 13.0848 1
7.49887 14.855 1
39.2643 5.93304 -1
3.69223 20.2692 1
2.29403 25.1643 1
4.52895 21.4256 1
36.0099 -5.90898 -1
38.5325 -10.8588 -1
11.9159 20.3542 1
27.7668 -7.81376 -1
-20.3528 16.8931 1
18.3754 -16.5954 -1
16.0707 -11.2748 -1
41.2486 2.6787 -1
4.98283 5.98594 -1
10.774 20.2282 1
7.15456 24.7894 1
18.5619 -15.4183 -1
33.5781 -8.83066 -1
-17.1592 17.3305 1
-1.80777 2.13403 -1
6.84994 13.4389 1
10.0656 -11.7982 -1
35.7413 -6.20178 -1
36.2139 5.06333 -1
13.0395 7.24079 1
18.4505 -9.1505 -1
-13.4043 16.2647 1
-20.7265 9.54178 1
4.91615 -5.52296 -1
40.8493 5.03038 -1
12.1228 -16.3557 -1
20.099 6.59108 1
11.9893 6.69985 1
23.9357 -16.6824 -1
-19.0706 2.33099 1
11.208 16.087 1
34.7538 -14.5913 -1
18.2912 -6.45162 -1
5.41578 21.264 1
2.90186 23.8439 1
45.2183 5.99323 -1
10.8246 8.39882 1
14.7147 -18.569 -1
8.76277 -13.9659 -1
3.88835 5.17863 -1
31.2166 -14.5711 -1
-1.79771 23.3703 1
-11.9438 17.6188 1
9.6836 -6.87326 -1
-7.72144 16.0368 1
40.099 0.408917 -1
2.77943 22.4247 1
4.1656 2.3558 -1
39.4568 -9.41513 -1
-16.3671 15.424 1
-13.7816 12.2344 1
-14.0523 14.2592 1
34.3672 -14.6839 -1
-16.7003 10.556 1
21.5982 10.5664 1
32.3917 -13.8001 -1
4.07958 22.4845 1
19.297 6.84195 1
3.06356 -7.10383 -1
-4.55721 4.32906 -1
16.6106 14.6579 1
12.4118 -9.58894 -1
1.1764 16.5437 1
-15.2552 8.88382 1
-9.63605 19.4274 1
-15.027 2.54858 1
-10.8033 13.1952 1
29.4119 -3.32678 -1
-6.70735 24.1774 1
11.5559 -7.98742 -1
12.2786 -9.0368 -1
-1.97791 17.2673 1
-7.58816 16.5889 1
-11.4513 8.08415 1
1.79484 2.0055 -1
12.9307 10.7038 1
38.0195 -6.48395 -1
17.4379 11.9096 1
19.7961 15.8275 1
-0.754425 1.08518 -1
27.5865 -8.46468 -1
31.2548 -5.23416 -1
20.9839 -14.3571 -1
-1.51492 0.836154 -1
-14.7788 21.7785 1
15.2781 1.47596 1
24.934 7.75361 1
-16.1668 4.10474 1
-9.00988 15.8599 1
-19.9074 14.6592 1
16.7433 -13.44 -1
-16.7733 2.03944 1
33.5643 -10.1734 -1
26.9319 -15.8947 -1
23.3696 -11.0779 -1
34.4481 5.53957 -1
17.6539 -8.00035 -1
39.9157 3.64041 -1
36.98 3.85986 -1
-23.1148 3.83695 1
37.0514 -4.93238 -1
-20.7544 5.91482 1
3.98142 2.49425 -1
1.72654 17.7547 1
14.8242 7.24858 1
-2.06749 -3.95074 -1
-24.1788 10.796 1
1.4547 14.5154 1
-11.9224 19.4701 1
40.1201 3.37786 -1
-16.2694 20.594 1
24.571 -12.0214 -1
4.57098 19.0214 1
27.7121 -6.39374 -1
29.9602 -10.6953 -1
35.2781 5.52404 -1
-20.4927 4.04135 1
-13.4067 7.79824 1
34.2557 -3.7257 -1
42.928 -4.42157 -1
5.52112 -2.00388 -1
4.23846 5.07015 -1
-4.59359 -0.713106 -1
11.1997 -7.23086 -1
9.14198 12.7794 1
10.3772 12.1864 1
10.1344 -6.07433 -1
15.7885 8.38856 1
17.3105 12.453 1
21.9793 6.34431 1
-2.79967 -5.25019 -1
-2.35233 21.5296 1
24.4222 7.23514 1
21.778 5.14537 1
19.6286 -8.99749 -1
6.09514 17.5553 1
15.5918 16.5899 1
44.3437 -3.45975 -1
38.4567 -0.359287 -1
36.324 6.56286 -1
12.2701 -13.5206 -1
-17.849 0.844003 1
6.2103 2.73463 -1
-7.48436 11.4807 1
15.9514 20.1565 1
40.9698 4.0229 -1
0.583378 -3.20437 -1
-4.71286 20.67 1
13.9057 4.84831 1
16.7239 -13.3422 -1
1.43989 2.58471 -1
-18.0296 17.1184 1
19.0753 15.3157 1
-22.8375 0.335528 1
18.5578 -14.0216 -1
-13.0944 17.592 1
34.1612 4.29752 -1
19.6444 -17.5193 -1
10.5308 13.7251 1
35.155 5.30103 -1
5.9664 -3.84415 -1
20.2119 -15.6551 -1
13.4609 14.5312 1
2.16218 5.54145 -1
8.4368 -9.48504 -1
19.4075 12.7705 1
-5.01698 4.79854 -1
20.3536 -12.4356 -1
5.77818 24.2925 1
-3.44222 6.73948 -1
3.24498 2.9427 -1
6.29665 -2.27567 -1
15.7848 2.51798 1
26.9626 -11.9363 -1
34.197 -4.99286 -1
2.40024 6.66915 -1
23.933 -10.4497 -1
18.4631 10.1936 1
8.44169 -7.13262 -1
35.6049 -9.31799 -1
1.21523 -1.6421 -1
-8.69356 11.4972 1
-12.0354 22.6951 1
20.8493 1.96962 1
39.1926 6.32636 -1
12.1867 -12.5265 -1
0.47261 24.2691 1
35.767 5.98705 -1
39.091 -5.50932 -1
-3.02108 13.4219 1
6.2068 17.554 1
11.4491 9.97442 1
25.3919 -15.9904 -1
-18.9208 3.4641 1
8.0912 23.8868 1
-19.6428 9.39246 1
4.06948 -6.03771 -1
22.0091 -10.5784 -1
12.804 9.33124 1
39.6389 3.76906 -1
12.606 -6.37725 -1
4.12802 16.8632 1
6.56936 16.4122 1
11.5174 -3.96902 -1
-14.9145 9.63172 1
35.903 0.388221 -1
22.2788 -13.1343 -1
37.8581 -4.67113 -1
33.1408 -3.00506 -1
6.04728 -10.4679 -1
9.96015 17.6953 1
41.6226 4.84931 -1
-1.37813 3.87917 -1
39.466 6.14122 -1
41.028 -8.35833 -1
28.7405 -17.594 -1
-7.01212 14.2724 1
6.33173 -3.76275 -1
31.4239 -10.5377 -1
12.3917 20.8001 1
17.3545 -16.0429 -1
19.215 4.61927 1
11.7647 -16.7545 -1
42.9142 -1.88313 -1
25.2799 1.32596 1
22.8526 5.94906 1
-0.824795 4.33601 -1
-7.67127 23.5799 1
-21.2749 11.9874 1
-1.43808 22.4183 1
20.9045 11.5432 1
21.0688 10.5533 1
20.3792 12.0862 1
15.6186 8.29584 1
25.5808 -10.204 -1
10.2988 21.6104 1
13.099 3.99151 1
-1.96065 -5.05825 -1
40.7711 -7.47977 -1
-4.136 15.8985 1
-15.8344 4.6442 1
-11.5221 12.0091 1
5.9527 -9.42583 -1
42.5814 -3.8447 -1
26.9039 -8.2589 -1
45.0511 1.87413 -1
-0.155791 -7.00401 -1
-13.7724 16.5688 1
16.1396 1.31202 1
14.4561 1.40913 1
-15.9692 5.73919 1
10.1326 23.0327 1
6.59332 -0.798235 -1
-2.16294 13.6448 1
17.0306 4.94392 1
13.0017 -9.8056 -1
3.49729 15.2179 1
24.3437 10.4598 1
23.5002 -9.63306 -1
31.9589 -11.9287 -1
25.4678 -14.7018 -1
20.2979 -8.66229 -1
-13.6146 0.169764 1
33.5973 -15.4496 -1
-19.0227 17.599 1
-15.004 18.003 1
31.3277 -6.21844 -1
19.5657 3.98604 1
10.9589 23.1798 1
10.8493 -8.98278 -1
-19.4166 10.2044 1
-4.81706 13.6724 1
19.9083 7.23604 1
-0.964445 5.81991 -1
27.0685 -7.89282 -1
30.929 -14.0747 -1
-19.6652 3.23146 1
0.717396 18.6659 1
4.20068 23.8677 1
-13.1309 14.9539 1
10.5521 21.5575 1
-0.882071 25.9274 1
-2.74002 19.1582 1
-4.71201 22.9884 1
-5.12953 25.0931 1
-14.241 3.33206 1
13.8912 -11.9137 -1
35.7356 6.78759 -1
-3.50949 1.4707 -1
-13.5601 12.0726 1
7.16563 12.061 1
-18.9418 9.92362 1
32.538 -12.5367 -1
21.7265 -10.7547 -1
14.3326 4.11787 1
-23.5095 5.5293 1
-11.3019 12.048 1
16.7767 11.0561 1
30.2474 -14.8557 -1
5.29168 24.8377 1
-21.257 10.5864 1
-0.122095 -7.81252 -1
-26.3334 0.557614 1
5.46784 21.7018 1
-1.21408 17.6817 1
44.1278 -1.59254 -1
-1.26961 4.96141 -1
15.155 1.69897 1
21.0167 2.91151 1
-19.6971 16.06 1
27.5225 -13.4514 -1
-7.39177 17.3605 1
-19.0858 10.6365 1
25.6972 -13.9666 -1
-17.5998 0.330854 1
27.5674 -5.16649 -1
8.85241 13.7279 1
19.85 3.90465 1
4.15825 18.1495 1
3.61159 14.8556 1
10.6923 13.9686 1
36.7679 2.17307 -1
8.2684 12.0778 1
24.0796 -15.4845 -1
-3.82136 22.0725 1
19.1443 9.7983 1
10.3544 11.6222 1
14.3672 21.6839 1
-14.4539 16.7992 1
6.80488 -1.93551 -1
8.32094 15.3984 1
0.575097 18.5555 1
6.86906 -7.95393 -1
1.36363 1.26171 -1
3.5299 0.818759 -1
-23.0555 10.3377 1
-10.2339 12.8802 1
16.2954 8.45257 1
7.47154 21.356 1
5.33991 24.8478 1
4.6757 3.5807 -1
-3.27052 14.421 1
32.7438 -9.75162 -1
7.77718 0.0540344 -1
36.7672 -11.1763 -1
1.25649 17.2682 1
-3.64044 0.200313 -1
15.2698 -11.8098 -1
14.5661 21.8283 1
16.7295 -7.42102 -1
-20.9644 1.18009 1
20.8187 5.44817 1
8.21047 12.9746 1
22.1751 -11.6602 -1
1.03059 26.3421 1
4.67694 -6.58875 -1
12.6082 -10.3605 -1
6.00218 14.2848 1
34.0481 -4.78269 -1
4.93285 2.4803 -1
8.31136 23.038 1
-14.5418 10.5599 1
-16.9146 18.1448 1
-19.2962 13.0377 1
16.1786 -15.0725 -1
12.0508 -10.089 -1
-21.6832 5.97398 1
-7.94917 17.089 1
14.0481 11.7827 1
9.76369 -11.1141 -1
13.1063 12.0996 1
35.4835 -9.49271 -1
18.5499 -7.31418 -1
17.3589 1.26861 1
1.37933 4.95561 -1
-3.14938 -4.38558 -1
16.4698 18.4311 1
5.76134 6.73229 -1
41.0688 -3.55325 -1
-2.47642 -3.57446 -1
0.5397 -6.46202 -1
-5.2853 25.569 1
9.77782 23.3031 1
-13.2686 3.04122 1
32.7316 -7.20067 -1
-9.50604 21.9237 1
-15.9305 13.0377 1
-12.7893 9.38709 1
11.5007 21.2489 1
4.17579 -4.89783 -1
-15.3573 5.19036 1
-0.142987 20.3191 1
11.4482 8.05402 1
10.8755 22.2263 1
-7.3151 18.9275 1
13.2927 -17.1774 -1
26.5694 -9.41218 -1
-24.5407 1.18492 1
-2.32972 14.8088 1
5.06696 13.2889 1
10.6825 -16.9545 -1
8.45341 11.8083 1
10.1315 -16.892 -1
3.91485 23.4231 1
2.65069 16.2219 1
7.23926 2.54158 -1
2.37073 2.71498 -1
21.529 3.25547 1
18.81 -8.64099 -1
-5.89552 6.07389 -1
3.87918 -2.43953 -1
-9.75314 15.9957 1
0.230748 -1.95988 -1
-7.39629 12.29 1
2.93299 -0.166943 -1
6.03421 18.2327 1
10.3639 -12.4274 -1
36.0824 1.39475 -1
10.5257 -14.949 -1
-20.7822 4.9059 1
23.9342 -18.0108 -1
5.11366 -0.958658 -1
16.384 19.0736 1
-7.1703 23.393 1
-10.2363 18.1141 1
12.2388 -8.31871 -1
40.5947 3.79494 -1
-18.5446 14.5595 1
17.0835 -17.2841 -1
-23.4422 0.26052 1
14.4538 -18.5218 -1
34.0636 -8.4828 -1
-5.69283 20.4815 1
2.85183 2.23199 -1
4.48499 6.71154 -1
18.5572 -9.97507 -1
13.561 -7.99183 -1
36.3616 -8.68994 -1
13.175 10.012 1
13.7735 -11.1858 -1
-3.91816 19.9003 1
39.5175 2.07887 -1
16.3071 -7.12883 -1
40.5216 -3.44747 -1
25.0256 2.03708 1
32.7807 -3.57316 -1
9.37744 14.216 1
2.95547 16.7987 1
36.5394 -11.5277 -1
15.942 -7.25109 -1
24.2007 -16.8677 -1
0.172274 -2.59502 -1
44.9954 5.12368 -1
22.7475 -10.5223 -1
36.7659 -4.493 -1
35.0145 -0.0456576 -1
46.2915 5.59458 -1
34.5762 -1.67448 -1
40.3792 -5.08619 -1
-12.8337 23.1641 1
36.7008 -9.35596 -1
-3.9999 13.9141 1
-17.2264 10.8741 1
-15.3855 12.6567 1
-4.91662 16.3787 1
5.18881 2.53529 -1
38.6109 -7.64526 -1
22.6716 -16.1897 -1
7.84102 -13.6124 -1
3.14313 -7.10795 -1
-8.48264 10.969 1
28.75 -13.166 -1
17.9298 4.6244 1
0.211946 22.6551 1
3.9571 0.588265 -1
5.35552 14.0835 1
30.5521 -14.5575 -1
5.75903 3.66794 -1
28.2143 -16.6553 -1
16.9422 7.71024 1
6.55652 -4.1127 -1
16.0818 -12.9003 -1
31.1778 -6.61804 -1
36.9897 1.8763 -1
-20.009 0.329442 1
13.8964 2.46393 1
23.8097 -10.2949 -1
-3.11475 3.16305 -1
18.139 3.78823 1
16.1512 8.48789 1
3.93297 17.4497 1
9.14655 22.8253 1
6.19167 15.492 1
35.6555 5.89395 -1
30.7657 -2.49367 -1
4.26837 -8.44256 -1
39.4212 0.167052 -1
40.6206 6.38323 -1
27.5616 -6.74187 -1
-8.23856 19.3253 1
9.85177 21.9105 1
-11.3304 15.216 1
-10.3423 12.1183 1
30.3544 -4.62221 -1
22.4162 -18.3455 -1
-0.213567 21.045 1
-15.9187 2.85415 1
-13.5261 5.51183 1
41.2176 5.4633 -1
15.4786 7.2094 1
19.5856 7.86789 1
41.8139 2.84946 -1
-3.99641 3.5123 -1
6.3498 0.211105 -1
0.192102 17.2338 1
-1.19 15.641 1
23.5919 1.35662 1
-11.933 7.02483 1
16.5918 5.45492 1
-11.4122 8.17141 1
12.5156 -4.48065 -1
3.46715 1.7926 -1
-0.039262 15.905 1
-25.4166 4.11118 1
2.74748 17.5223 1
15.3624 20.2977 1
39.3212 -5.08078 -1
9.91772 10.9264 1
25.7782 -17.2925 -1
36.0421 2.85057 -1
-15.6029 9.59133 1
14.6361 9.75789 1
-9.5655 11.1876 1
-13.6502 6.7889 1
-3.76595 18.8418 1
-2.15888 -0.495258 -1
-0.782181 2.0941 -1
24.4166 -8.436 -1
13.4739 -9.65774 -1
-14.2985 10.6645 1
19.4568 16.4151 1
21.6226 2.15069 1
21.7561 -13.3625 -1
8.54868 -1.08415 -1
16.1755 1.00546 1
36.4819 -1.1705 -1
-6.69183 17.8127 1
16.7672 18.1763 1
1.58553 6.63756 -1
-13.7897 4.26537 1
19.7903 -16.9626 -1
33.4673 2.32903 -1
-1.42778 23.2597 1
27.7681 -10.3237 -1
4.13795 24.3159 1
19.7889 3.19256 1
-13.0142 12.4423 1
2.0198 -6.84097 -1
0.828081 15.3187 1
29.6101 -16.4547 -1
13.0594 4.90846 1
34.418 -7.87862 -1
29.8218 -11.8482 -1
24.2055 -6.86536 -1
35.3624 -13.2977 -1
19.0642 -9.32822 -1
9.66685 20.6248 1
12.4574 -5.75721 -1
5.37675 16.5532 1
-16.8569 14.108 1
20.2218 -18.1264 -1
7.98336 19.6202 1
-15.2463 0.067316 1
15.4835 16.4927 1
-11.4458 20.5051 1
9.19399 -1.81162 -1
31.873 -9.35419 -1
32.0111 -0.795502 -1
-20.4564 5.83749 1
21.547 15.0258 1
31.6224 -1.8428 -1
1.24437 15.7512 1
45.5508 4.43249 -1
39.9083 -0.236043 -1
-7.19906 21.2657 1
7.56742 12.1665 1
7.45863 22.8475 1
9.32367 -5.96754 -1
28.4534 -4.80828 -1
1.14594 2.11288 -1
25.5729 -17.8134 -1
15.008 10.2736 1
27.914 -15.99 -1
-12.8676 13.9219 1
19.7864 -14.045 -1
-3.25673 20.44 1
4.22799 0.900619 -1
25.9922 0.667961 1
20.3977 14.9401 1
5.82337 -7.32614 -1
31.8281 -6.92362 -1
20.5947 3.20506 1
-20.4564 0.589288 1
-12.1901 6.74977 1
20.7174 -11.6659 -1
17.4324 5.09177 1
40.733 -5.7165 -1
-17.1482 4.76801 1
-4.17876 -3.79597 -1
8.0776 -12.4701 -1
-3.7307 21.1354 1
-13.2612 18.2246 1
-17.9219 4.27035 1
-1.70994 -1.04074 -1
14.1091 -10.5622 -1
-17.5174 18.7539 1
13.1408 10.0051 1
-16.0717 5.57864 1
10.5501 12.8864 1
2.67162 23.1897 1
22.928 11.4216 1
3.64519 -0.728829 -1
-17.7365 7.32824 1
15.7919 4.70953 1
13.5668 1.85696 1
21.0166 -15.3054 -1
12.8297 -16.393 -1
-12.2228 6.94597 1
43.6644 3.23374 -1
17.26 -12.1582 -1
20.8961 -13.0743 -1
11.4503 22.5962 1
33.6956 -6.6929 -1
-4.06314 1.30722 -1
32.3434 -8.67394 -1
-15.772 6.09938 1
13.5973 22.4496 1
20.7781 9.70134 1
19.6534 3.6518 1
-12.2336 18.5899 1
30.3053 -4.60146 -1
13.1491 3.2956 1
0.858038 -9.29352 -1
14.6729 17.1732 1
-3.05548 -3.33771 -1
26.5642 -16.1559 -1
25.2484 6.08279 1
10.6307 12.2486 1
17.0712 -17.3169 -1
39.8231 -3.96797 -1
-1.52284 16.0231 1
2.20894 -6.45743 -1
45.7157 6.97893 -1
-7.33746 21.405 1
15.4667 -17.1518 -1
5.45816 -3.55986 -1
3.50018 16.6331 1
-7.91974 19.604 1
13.0281 7.84235 1
-16.299 2.42801 1
-19.445 4.5037 1
30.5593 -3.94602 -1
17.762 14.2208 1
-7.95882 16.2333 1
-4.5917 23.0215 1
-4.38526 19.5416 1
12.4387 -8.87826 -1
2.44615 1.03511 -1
26.7448 -13.0181 -1
-17.6293 4.28502 1
41.3819 6.03199 -1
28.8535 -9.15178 -1
